   127.55046     37.35931     0     0
   127.56175     37.35944     1     0
   127.57304     37.35958     2     0
   127.58435     37.35971     3     0
   127.59564     37.35984     4     0
   127.60693     37.35997     5     0
   127.61823     37.36010     6     0
   127.62952     37.36022     7     0
   127.64081     37.36035     8     0
   127.65211     37.36047     9     0
   127.66341     37.36060    10     0
   127.67470     37.36072    11     0
   127.68600     37.36084    12     0
   127.69730     37.36096    13     0
   127.70859     37.36108    14     0
   127.71988     37.36120    15     0
   127.73119     37.36131    16     0
   127.74248     37.36143    17     0
   127.75377     37.36155    18     0
   127.76508     37.36166    19     0
   127.77637     37.36177    20     0
   127.78766     37.36189    21     0
   127.79895     37.36200    22     0
   127.81024     37.36210    23     0
   127.82155     37.36221    24     0
   127.83284     37.36232    25     0
   127.84415     37.36243    26     0
   127.85544     37.36253    27     0
   127.86673     37.36264    28     0
   127.87802     37.36274    29     0
   127.88933     37.36284    30     0
   127.90062     37.36294    31     0
   127.91191     37.36304    32     0
   127.92322     37.36314    33     0
   127.93451     37.36324    34     0
   127.94580     37.36333    35     0
   127.95709     37.36343    36     0
   127.96840     37.36353    37     0
   127.97969     37.36362    38     0
   127.99100     37.36371    39     0
   128.00229     37.36380    40     0
   128.01358     37.36389    41     0
   128.02487     37.36398    42     0
   128.03618     37.36407    43     0
   128.04747     37.36416    44     0
   128.05876     37.36424    45     0
   128.07007     37.36433    46     0
   128.08136     37.36441    47     0
   128.09265     37.36449    48     0
   128.10394     37.36458    49     0
   128.11525     37.36466    50     0
   128.12654     37.36474    51     0
   128.13785     37.36481    52     0
   128.14914     37.36489    53     0
   128.16043     37.36497    54     0
   128.17172     37.36504    55     0
   128.18303     37.36512    56     0
   128.19432     37.36519    57     0
   128.20563     37.36526    58     0
   128.21692     37.36533    59     0
   128.22821     37.36540    60     0
   128.23952     37.36547    61     0
   128.25081     37.36554    62     0
   128.26212     37.36561    63     0
   128.27341     37.36567    64     0
   128.28470     37.36574    65     0
   128.29599     37.36580    66     0
   128.30730     37.36586    67     0
   128.31859     37.36592    68     0
   128.32990     37.36599    69     0
   128.34119     37.36604    70     0
   128.35248     37.36610    71     0
   128.36377     37.36616    72     0
   128.37508     37.36621    73     0
   128.38637     37.36627    74     0
   128.39767     37.36632    75     0
   128.40897     37.36637    76     0
   128.42026     37.36643    77     0
   128.43156     37.36648    78     0
   128.44286     37.36653    79     0
   128.45416     37.36657    80     0
   128.46545     37.36662    81     0
   128.47675     37.36667    82     0
   128.48805     37.36671    83     0
   128.49934     37.36676    84     0
   128.51065     37.36680    85     0
   128.52194     37.36684    86     0
   128.53323     37.36688    87     0
   128.54453     37.36692    88     0
   128.55583     37.36696    89     0
   128.56712     37.36700    90     0
   128.57843     37.36703    91     0
   128.58972     37.36707    92     0
   128.60101     37.36711    93     0
   128.61232     37.36714    94     0
   128.62361     37.36717    95     0
   128.63492     37.36720    96     0
   128.64621     37.36723    97     0
   128.65750     37.36726    98     0
   128.66881     37.36729    99     0
   128.68010     37.36732   100     0
   128.69141     37.36734   101     0
   128.70270     37.36737   102     0
   128.71399     37.36739   103     0
   128.72530     37.36741   104     0
   128.73659     37.36744   105     0
   128.74789     37.36745   106     0
   128.75919     37.36747   107     0
   128.77048     37.36749   108     0
   128.78177     37.36751   109     0
   128.79308     37.36753   110     0
   128.80437     37.36754   111     0
   128.81567     37.36755   112     0
   128.82697     37.36757   113     0
   128.83826     37.36758   114     0
   128.84956     37.36759   115     0
   128.86086     37.36760   116     0
   128.87216     37.36761   117     0
   128.88345     37.36761   118     0
   128.89474     37.36762   119     0
   128.90605     37.36763   120     0
   128.91734     37.36763   121     0
   128.92865     37.36763   122     0
   128.93994     37.36764   123     0
   128.95123     37.36764   124     0
   128.96254     37.36764   125     0
   128.97383     37.36764   126     0
   128.98514     37.36763   127     0
   128.99643     37.36763   128     0
   129.00772     37.36763   129     0
   129.01903     37.36762   130     0
   129.03032     37.36761   131     0
   129.04163     37.36761   132     0
   129.05292     37.36760   133     0
   129.06421     37.36759   134     0
   129.07552     37.36758   135     0
   129.08681     37.36757   136     0
   129.09811     37.36755   137     0
   129.10941     37.36754   138     0
   129.12070     37.36753   139     0
   129.13200     37.36751   140     0
   129.14330     37.36749   141     0
   129.15460     37.36747   142     0
   129.16589     37.36745   143     0
   129.17719     37.36744   144     0
   129.18849     37.36741   145     0
   129.19978     37.36739   146     0
   129.21109     37.36737   147     0
   129.22238     37.36734   148     0
   129.23367     37.36732   149     0
   129.24496     37.36729   150     0
   129.25627     37.36726   151     0
   129.26756     37.36723   152     0
   129.27887     37.36720   153     0
   129.29016     37.36717   154     0
   129.30145     37.36714   155     0
   129.31276     37.36711   156     0
   129.32405     37.36707   157     0
   129.33536     37.36703   158     0
   129.34665     37.36700   159     0
   129.35794     37.36696   160     0
   129.36925     37.36692   161     0
   129.38054     37.36688   162     0
   129.39185     37.36684   163     0
   129.40314     37.36680   164     0
   129.41443     37.36676   165     0
   129.42574     37.36671   166     0
   129.43703     37.36667   167     0
   129.44833     37.36662   168     0
   129.45963     37.36657   169     0
   129.47092     37.36653   170     0
   129.48221     37.36648   171     0
   129.49352     37.36643   172     0
   129.50481     37.36637   173     0
   129.51611     37.36632   174     0
   129.52740     37.36627   175     0
   129.53870     37.36621   176     0
   129.55000     37.36616   177     0
   129.56129     37.36610   178     0
   129.57260     37.36604   179     0
   129.58389     37.36599   180     0
   129.59518     37.36592   181     0
   129.60648     37.36586   182     0
   129.61778     37.36580   183     0
   129.62907     37.36574   184     0
   129.64038     37.36567   185     0
   129.65167     37.36561   186     0
   129.66296     37.36554   187     0
   129.67426     37.36547   188     0
   129.68556     37.36540   189     0
   129.69685     37.36533   190     0
   129.70816     37.36526   191     0
   129.71945     37.36519   192     0
   129.73074     37.36512   193     0
   129.74205     37.36504   194     0
   129.75334     37.36497   195     0
   129.76463     37.36489   196     0
   129.77594     37.36481   197     0
   129.78723     37.36474   198     0
   129.79852     37.36466   199     0
   129.80983     37.36458   200     0
   129.82112     37.36449   201     0
   129.83241     37.36441   202     0
   129.84372     37.36433   203     0
   129.85501     37.36424   204     0
   129.86630     37.36416   205     0
   129.87761     37.36407   206     0
   129.88890     37.36398   207     0
   129.90019     37.36389   208     0
   129.91150     37.36380   209     0
   129.92279     37.36371   210     0
   129.93408     37.36362   211     0
   129.94537     37.36353   212     0
   129.95668     37.36343   213     0
   129.96797     37.36333   214     0
   129.97928     37.36324   215     0
   129.99057     37.36314   216     0
   130.00186     37.36304   217     0
   130.01315     37.36294   218     0
   130.02446     37.36284   219     0
   130.03575     37.36274   220     0
   130.04704     37.36264   221     0
   130.05835     37.36253   222     0
   130.06964     37.36243   223     0
   130.08093     37.36232   224     0
   130.09222     37.36221   225     0
   130.10353     37.36210   226     0
   130.11482     37.36200   227     0
   130.12611     37.36189   228     0
   130.13742     37.36177   229     0
   130.14871     37.36166   230     0
   130.16000     37.36155   231     0
   130.17130     37.36143   232     0
   130.18260     37.36131   233     0
   130.19389     37.36120   234     0
   130.20518     37.36108   235     0
   130.21649     37.36096   236     0
   130.22778     37.36084   237     0
   130.23907     37.36072   238     0
   130.25037     37.36060   239     0
   130.26166     37.36047   240     0
   130.27296     37.36035   241     0
   130.28426     37.36022   242     0
   130.29555     37.36010   243     0
   130.30685     37.35997   244     0
   130.31815     37.35984   245     0
   130.32944     37.35971   246     0
   130.34073     37.35958   247     0
   130.35202     37.35944   248     0
   130.36331     37.35931   249     0
   127.55061     37.35033     0     1
   130.36316     37.35033   249     1
   127.55078     37.34135     0     2
   130.36301     37.34135   249     2
   127.55093     37.33237     0     3
   130.36284     37.33237   249     3
   127.55110     37.32339     0     4
   130.36267     37.32339   249     4
   127.55127     37.31441     0     5
   130.36252     37.31441   249     5
   127.55142     37.30543     0     6
   130.36235     37.30543   249     6
   127.55159     37.29645     0     7
   130.36218     37.29645   249     7
   127.55174     37.28747     0     8
   130.36203     37.28747   249     8
   127.55191     37.27849     0     9
   130.36188     37.27849   249     9
   127.55206     37.26951     0    10
   130.36171     37.26951   249    10
   127.55223     37.26052     0    11
   130.36154     37.26052   249    11
   127.55240     37.25154     0    12
   130.36139     37.25154   249    12
   127.55255     37.24257     0    13
   130.36122     37.24257   249    13
   127.55270     37.23359     0    14
   130.36107     37.23359   249    14
   127.55287     37.22461     0    15
   130.36090     37.22461   249    15
   127.55304     37.21562     0    16
   130.36075     37.21562   249    16
   127.55319     37.20664     0    17
   130.36058     37.20664   249    17
   127.55336     37.19766     0    18
   130.36041     37.19766   249    18
   127.55351     37.18868     0    19
   130.36026     37.18868   249    19
   127.55368     37.17970     0    20
   130.36011     37.17970   249    20
   127.55383     37.17072     0    21
   130.35994     37.17072   249    21
   127.55400     37.16174     0    22
   130.35977     37.16174   249    22
   127.55415     37.15276     0    23
   130.35962     37.15276   249    23
   127.55432     37.14378     0    24
   130.35947     37.14378   249    24
   127.55447     37.13480     0    25
   130.35930     37.13480   249    25
   127.55464     37.12582     0    26
   130.35913     37.12582   249    26
   127.55481     37.11684     0    27
   130.35898     37.11684   249    27
   127.55496     37.10786     0    28
   130.35881     37.10786   249    28
   127.55511     37.09888     0    29
   130.35866     37.09888   249    29
   127.55528     37.08990     0    30
   130.35849     37.08990   249    30
   127.55545     37.08092     0    31
   130.35834     37.08092   249    31
   127.55560     37.07193     0    32
   130.35817     37.07193   249    32
   127.55576     37.06295     0    33
   130.35802     37.06295   249    33
   127.55592     37.05397     0    34
   130.35785     37.05397   249    34
   127.55609     37.04499     0    35
   130.35770     37.04499   249    35
   127.55624     37.03601     0    36
   130.35753     37.03601   249    36
   127.55640     37.02703     0    37
   130.35738     37.02703   249    37
   127.55656     37.01805     0    38
   130.35721     37.01805   249    38
   127.55673     37.00907     0    39
   130.35706     37.00907   249    39
   127.55688     37.00009     0    40
   130.35690     37.00009   249    40
   127.55704     36.99111     0    41
   130.35674     36.99111   249    41
   127.55721     36.98213     0    42
   130.35657     36.98213   249    42
   127.55736     36.97315     0    43
   130.35641     36.97315   249    43
   127.55753     36.96417     0    44
   130.35626     36.96417   249    44
   127.55768     36.95519     0    45
   130.35609     36.95519   249    45
   127.55785     36.94621     0    46
   130.35593     36.94621   249    46
   127.55800     36.93723     0    47
   130.35577     36.93723   249    47
   127.55817     36.92825     0    48
   130.35562     36.92825   249    48
   127.55832     36.91927     0    49
   130.35545     36.91927   249    49
   127.55847     36.91029     0    50
   130.35530     36.91029   249    50
   127.55864     36.90131     0    51
   130.35513     36.90131   249    51
   127.55881     36.89233     0    52
   130.35498     36.89233   249    52
   127.55896     36.88334     0    53
   130.35483     36.88334   249    53
   127.55911     36.87436     0    54
   130.35466     36.87436   249    54
   127.55928     36.86538     0    55
   130.35449     36.86538   249    55
   127.55943     36.85640     0    56
   130.35434     36.85640   249    56
   127.55960     36.84742     0    57
   130.35419     36.84742   249    57
   127.55975     36.83844     0    58
   130.35402     36.83844   249    58
   127.55991     36.82946     0    59
   130.35387     36.82946   249    59
   127.56007     36.82048     0    60
   130.35370     36.82048   249    60
   127.56024     36.81150     0    61
   130.35355     36.81150   249    61
   127.56039     36.80252     0    62
   130.35339     36.80252   249    62
   127.56055     36.79354     0    63
   130.35323     36.79354   249    63
   127.56071     36.78456     0    64
   130.35307     36.78456   249    64
   127.56087     36.77558     0    65
   130.35291     36.77558   249    65
   127.56104     36.76660     0    66
   130.35275     36.76660   249    66
   127.56119     36.75762     0    67
   130.35260     36.75762   249    67
   127.56134     36.74863     0    68
   130.35243     36.74863   249    68
   127.56151     36.73965     0    69
   130.35226     36.73965   249    69
   127.56166     36.73067     0    70
   130.35211     36.73067   249    70
   127.56183     36.72169     0    71
   130.35196     36.72169   249    71
   127.56198     36.71272     0    72
   130.35179     36.71272   249    72
   127.56213     36.70373     0    73
   130.35164     36.70373   249    73
   127.56230     36.69475     0    74
   130.35147     36.69475   249    74
   127.56245     36.68577     0    75
   130.35132     36.68577   249    75
   127.56262     36.67679     0    76
   130.35117     36.67679   249    76
   127.56277     36.66781     0    77
   130.35100     36.66781   249    77
   127.56293     36.65883     0    78
   130.35085     36.65883   249    78
   127.56310     36.64985     0    79
   130.35068     36.64985   249    79
   127.56325     36.64087     0    80
   130.35052     36.64087   249    80
   127.56342     36.63189     0    81
   130.35037     36.63189   249    81
   127.56357     36.62291     0    82
   130.35022     36.62291   249    82
   127.56372     36.61393     0    83
   130.35005     36.61393   249    83
   127.56387     36.60495     0    84
   130.34990     36.60495   249    84
   127.56404     36.59597     0    85
   130.34973     36.59597   249    85
   127.56419     36.58699     0    86
   130.34958     36.58699   249    86
   127.56436     36.57801     0    87
   130.34943     36.57801   249    87
   127.56451     36.56903     0    88
   130.34926     36.56903   249    88
   127.56467     36.56004     0    89
   130.34911     36.56004   249    89
   127.56483     36.55106     0    90
   130.34894     36.55106   249    90
   127.56499     36.54208     0    91
   130.34879     36.54208   249    91
   127.56516     36.53310     0    92
   130.34863     36.53310   249    92
   127.56531     36.52412     0    93
   130.34848     36.52412   249    93
   127.56546     36.51514     0    94
   130.34831     36.51514   249    94
   127.56561     36.50616     0    95
   130.34816     36.50616   249    95
   127.56578     36.49718     0    96
   130.34799     36.49718   249    96
   127.56593     36.48820     0    97
   130.34784     36.48820   249    97
   127.56610     36.47922     0    98
   130.34769     36.47922   249    98
   127.56625     36.47024     0    99
   130.34753     36.47024   249    99
   127.56641     36.46126     0   100
   130.34737     36.46126   249   100
   127.56656     36.45228     0   101
   130.34721     36.45228   249   101
   127.56673     36.44330     0   102
   130.34705     36.44330   249   102
   127.56688     36.43432     0   103
   130.34689     36.43432   249   103
   127.56705     36.42533     0   104
   130.34674     36.42533   249   104
   127.56720     36.41636     0   105
   130.34659     36.41636   249   105
   127.56735     36.40738     0   106
   130.34642     36.40738   249   106
   127.56750     36.39840     0   107
   130.34627     36.39840   249   107
   127.56767     36.38942     0   108
   130.34610     36.38942   249   108
   127.56783     36.38043     0   109
   130.34595     36.38043   249   109
   127.56799     36.37145     0   110
   130.34579     36.37145   249   110
   127.56815     36.36247     0   111
   130.34564     36.36247   249   111
   127.56830     36.35349     0   112
   130.34547     36.35349   249   112
   127.56845     36.34451     0   113
   130.34532     36.34451   249   113
   127.56862     36.33553     0   114
   130.34517     36.33553   249   114
   127.56877     36.32655     0   115
   130.34500     36.32655   249   115
   127.56892     36.31757     0   116
   130.34485     36.31757   249   116
   127.56909     36.30859     0   117
   130.34470     36.30859   249   117
   127.56924     36.29961     0   118
   130.34454     36.29961   249   118
   127.56940     36.29063     0   119
   130.34438     36.29063   249   119
   127.56955     36.28165     0   120
   130.34422     36.28165   249   120
   127.56972     36.27267     0   121
   130.34406     36.27267   249   121
   127.56987     36.26369     0   122
   130.34390     36.26369   249   122
   127.57002     36.25471     0   123
   130.34375     36.25471   249   123
   127.57019     36.24572     0   124
   130.34360     36.24572   249   124
   127.57034     36.23674     0   125
   130.34344     36.23674   249   125
   127.57050     36.22776     0   126
   130.34328     36.22776   249   126
   127.57065     36.21878     0   127
   130.34312     36.21878   249   127
   127.57082     36.20980     0   128
   130.34297     36.20980   249   128
   127.57097     36.20082     0   129
   130.34280     36.20082   249   129
   127.57112     36.19184     0   130
   130.34265     36.19184   249   130
   127.57129     36.18286     0   131
   130.34250     36.18286   249   131
   127.57144     36.17388     0   132
   130.34235     36.17388   249   132
   127.57159     36.16490     0   133
   130.34218     36.16490   249   133
   127.57175     36.15592     0   134
   130.34203     36.15592   249   134
   127.57190     36.14694     0   135
   130.34187     36.14694   249   135
   127.57207     36.13796     0   136
   130.34171     36.13796   249   136
   127.57222     36.12898     0   137
   130.34155     36.12898   249   137
   127.57237     36.12000     0   138
   130.34140     36.12000   249   138
   127.57254     36.11102     0   139
   130.34125     36.11102   249   139
   127.57269     36.10204     0   140
   130.34109     36.10204   249   140
   127.57285     36.09306     0   141
   130.34094     36.09306   249   141
   127.57300     36.08408     0   142
   130.34077     36.08408   249   142
   127.57315     36.07510     0   143
   130.34062     36.07510   249   143
   127.57330     36.06611     0   144
   130.34047     36.06611   249   144
   127.57347     36.05713     0   145
   130.34030     36.05713   249   145
   127.57362     36.04815     0   146
   130.34015     36.04815   249   146
   127.57378     36.03917     0   147
   130.34000     36.03917   249   147
   127.57394     36.03019     0   148
   130.33984     36.03019   249   148
   127.57410     36.02121     0   149
   130.33969     36.02121   249   149
   127.57425     36.01223     0   150
   130.33952     36.01223   249   150
   127.57440     36.00325     0   151
   130.33937     36.00325   249   151
   127.57455     35.99427     0   152
   130.33922     35.99427   249   152
   127.57471     35.98529     0   153
   130.33907     35.98529   249   153
   127.57487     35.97631     0   154
   130.33890     35.97631   249   154
   127.57503     35.96733     0   155
   130.33875     35.96733   249   155
   127.57518     35.95835     0   156
   130.33859     35.95835   249   156
   127.57535     35.94937     0   157
   130.33844     35.94937   249   157
   127.57550     35.94039     0   158
   130.33829     35.94039   249   158
   127.57565     35.93141     0   159
   130.33813     35.93141   249   159
   127.57581     35.92242     0   160
   130.33797     35.92242   249   160
   127.57596     35.91344     0   161
   130.33781     35.91344   249   161
   127.57611     35.90446     0   162
   130.33766     35.90446   249   162
   127.57626     35.89548     0   163
   130.33751     35.89548   249   163
   127.57643     35.88651     0   164
   130.33734     35.88651   249   164
   127.57658     35.87752     0   165
   130.33719     35.87752   249   165
   127.57674     35.86854     0   166
   130.33704     35.86854   249   166
   127.57689     35.85956     0   167
   130.33688     35.85956   249   167
   127.57706     35.85058     0   168
   130.33673     35.85058   249   168
   127.57721     35.84160     0   169
   130.33658     35.84160   249   169
   127.57736     35.83262     0   170
   130.33643     35.83262   249   170
   127.57751     35.82364     0   171
   130.33626     35.82364   249   171
   127.57767     35.81466     0   172
   130.33611     35.81466   249   172
   127.57782     35.80568     0   173
   130.33595     35.80568   249   173
   127.57797     35.79670     0   174
   130.33580     35.79670   249   174
   127.57812     35.78772     0   175
   130.33565     35.78772   249   175
   127.57829     35.77874     0   176
   130.33548     35.77874   249   176
   127.57845     35.76976     0   177
   130.33533     35.76976   249   177
   127.57860     35.76078     0   178
   130.33517     35.76078   249   178
   127.57875     35.75180     0   179
   130.33502     35.75180   249   179
   127.57890     35.74281     0   180
   130.33487     35.74281   249   180
   127.57907     35.73383     0   181
   130.33472     35.73383   249   181
   127.57922     35.72485     0   182
   130.33456     35.72485   249   182
   127.57938     35.71587     0   183
   130.33441     35.71587   249   183
   127.57953     35.70689     0   184
   130.33426     35.70689   249   184
   127.57968     35.69791     0   185
   130.33409     35.69791   249   185
   127.57983     35.68893     0   186
   130.33394     35.68893   249   186
   127.57999     35.67995     0   187
   130.33379     35.67995   249   187
   127.58014     35.67097     0   188
   130.33363     35.67097   249   188
   127.58029     35.66199     0   189
   130.33348     35.66199   249   189
   127.58046     35.65301     0   190
   130.33331     35.65301   249   190
   127.58061     35.64403     0   191
   130.33316     35.64403   249   191
   127.58076     35.63505     0   192
   130.33301     35.63505   249   192
   127.58092     35.62607     0   193
   130.33286     35.62607   249   193
   127.58107     35.61709     0   194
   130.33270     35.61709   249   194
   127.58122     35.60810     0   195
   130.33255     35.60810   249   195
   127.58139     35.59912     0   196
   130.33240     35.59912   249   196
   127.58154     35.59015     0   197
   130.33224     35.59015   249   197
   127.58170     35.58117     0   198
   130.33209     35.58117   249   198
   127.58185     35.57219     0   199
   130.33194     35.57219   249   199
   127.58200     35.56320     0   200
   130.33179     35.56320   249   200
   127.58215     35.55422     0   201
   130.33163     35.55422   249   201
   127.58231     35.54524     0   202
   130.33147     35.54524   249   202
   127.58246     35.53626     0   203
   130.33131     35.53626   249   203
   127.58261     35.52728     0   204
   130.33116     35.52728   249   204
   127.58276     35.51830     0   205
   130.33101     35.51830   249   205
   127.58292     35.50932     0   206
   130.33086     35.50932   249   206
   127.58307     35.50034     0   207
   130.33070     35.50034   249   207
   127.58322     35.49136     0   208
   130.33055     35.49136   249   208
   127.58337     35.48238     0   209
   130.33040     35.48238   249   209
   127.58354     35.47340     0   210
   130.33023     35.47340   249   210
   127.58369     35.46442     0   211
   130.33008     35.46442   249   211
   127.58385     35.45544     0   212
   130.32993     35.45544   249   212
   127.58400     35.44646     0   213
   130.32977     35.44646   249   213
   127.58415     35.43748     0   214
   130.32962     35.43748   249   214
   127.58430     35.42849     0   215
   130.32947     35.42849   249   215
   127.58446     35.41951     0   216
   130.32932     35.41951   249   216
   127.58461     35.41053     0   217
   130.32916     35.41053   249   217
   127.58476     35.40155     0   218
   130.32901     35.40155   249   218
   127.58492     35.39257     0   219
   130.32886     35.39257   249   219
   127.58507     35.38359     0   220
   130.32870     35.38359   249   220
   127.58524     35.37461     0   221
   130.32855     35.37461   249   221
   127.58539     35.36563     0   222
   130.32840     35.36563   249   222
   127.58554     35.35665     0   223
   130.32825     35.35665   249   223
   127.58569     35.34767     0   224
   130.32809     35.34767   249   224
   127.58585     35.33869     0   225
   130.32794     35.33869   249   225
   127.58600     35.32971     0   226
   130.32779     35.32971   249   226
   127.58615     35.32073     0   227
   130.32764     35.32073   249   227
   127.58630     35.31175     0   228
   130.32748     35.31175   249   228
   127.58646     35.30276     0   229
   130.32733     35.30276   249   229
   127.58661     35.29379     0   230
   130.32718     35.29379   249   230
   127.58676     35.28481     0   231
   130.32703     35.28481   249   231
   127.58691     35.27583     0   232
   130.32687     35.27583   249   232
   127.58707     35.26685     0   233
   130.32672     35.26685   249   233
   127.58722     35.25786     0   234
   130.32657     35.25786   249   234
   127.58737     35.24888     0   235
   130.32640     35.24888   249   235
   127.58752     35.23990     0   236
   130.32625     35.23990   249   236
   127.58768     35.23092     0   237
   130.32610     35.23092   249   237
   127.58783     35.22194     0   238
   130.32594     35.22194   249   238
   127.58798     35.21296     0   239
   130.32579     35.21296   249   239
   127.58813     35.20398     0   240
   130.32564     35.20398   249   240
   127.58829     35.19500     0   241
   130.32549     35.19500   249   241
   127.58844     35.18602     0   242
   130.32533     35.18602   249   242
   127.58859     35.17704     0   243
   130.32518     35.17704   249   243
   127.58875     35.16806     0   244
   130.32503     35.16806   249   244
   127.58890     35.15908     0   245
   130.32487     35.15908   249   245
   127.58905     35.15010     0   246
   130.32472     35.15010   249   246
   127.58920     35.14112     0   247
   130.32457     35.14112   249   247
   127.58936     35.13214     0   248
   130.32442     35.13214   249   248
   127.58951     35.12315     0   249
   130.32426     35.12315   249   249
   127.58966     35.11417     0   250
   130.32411     35.11417   249   250
   127.58981     35.10519     0   251
   130.32396     35.10519   249   251
   127.58997     35.09621     0   252
   130.32381     35.09621   249   252
   127.59012     35.08723     0   253
   130.32365     35.08723   249   253
   127.59027     35.07825     0   254
   130.32350     35.07825   249   254
   127.59042     35.06927     0   255
   130.32335     35.06927   249   255
   127.59058     35.06029     0   256
   130.32321     35.06029   249   256
   127.59073     35.05131     0   257
   130.32306     35.05131   249   257
   127.59088     35.04233     0   258
   130.32291     35.04233   249   258
   127.59103     35.03335     0   259
   130.32275     35.03335   249   259
   127.59119     35.02437     0   260
   130.32260     35.02437   249   260
   127.59134     35.01539     0   261
   130.32245     35.01539   249   261
   127.59149     35.00641     0   262
   130.32230     35.00641   249   262
   127.59164     34.99743     0   263
   130.32214     34.99743   249   263
   127.59180     34.98845     0   264
   130.32199     34.98845   249   264
   127.59195     34.97947     0   265
   130.32184     34.97947   249   265
   127.59210     34.97049     0   266
   130.32169     34.97049   249   266
   127.59225     34.96151     0   267
   130.32153     34.96151   249   267
   127.59241     34.95253     0   268
   130.32138     34.95253   249   268
   127.59256     34.94354     0   269
   130.32123     34.94354   249   269
   127.59270     34.93456     0   270
   130.32108     34.93456   249   270
   127.59285     34.92558     0   271
   130.32092     34.92558   249   271
   127.59300     34.91660     0   272
   130.32077     34.91660   249   272
   127.59315     34.90762     0   273
   130.32062     34.90762   249   273
   127.59331     34.89864     0   274
   130.32047     34.89864   249   274
   127.59346     34.88966     0   275
   130.32031     34.88966   249   275
   127.59361     34.88068     0   276
   130.32016     34.88068   249   276
   127.59377     34.87170     0   277
   130.32001     34.87170   249   277
   127.59392     34.86272     0   278
   130.31985     34.86272   249   278
   127.59407     34.85374     0   279
   130.31970     34.85374   249   279
   127.59422     34.84476     0   280
   130.31955     34.84476   249   280
   127.59438     34.83578     0   281
   130.31941     34.83578   249   281
   127.59451     34.82680     0   282
   130.31926     34.82680   249   282
   127.59467     34.81781     0   283
   130.31911     34.81781   249   283
   127.59482     34.80883     0   284
   130.31895     34.80883   249   284
   127.59497     34.79985     0   285
   130.31880     34.79985   249   285
   127.59512     34.79087     0   286
   130.31865     34.79087   249   286
   127.59528     34.78189     0   287
   130.31850     34.78189   249   287
   127.59543     34.77291     0   288
   130.31834     34.77291   249   288
   127.59558     34.76393     0   289
   130.31819     34.76393   249   289
   127.59573     34.75495     0   290
   130.31805     34.75495   249   290
   127.59589     34.74597     0   291
   130.31790     34.74597   249   291
   127.59604     34.73699     0   292
   130.31775     34.73699   249   292
   127.59619     34.72801     0   293
   130.31760     34.72801   249   293
   127.59634     34.71903     0   294
   130.31744     34.71903   249   294
   127.59648     34.71005     0   295
   130.31729     34.71005   249   295
   127.59663     34.70107     0   296
   130.31714     34.70107   249   296
   127.59679     34.69209     0   297
   130.31699     34.69209   249   297
   127.59694     34.68311     0   298
   130.31683     34.68311   249   298
   127.59709     34.67413     0   299
   130.31668     34.67413   249   299
   127.59724     34.66515     0   300
   130.31653     34.66515   249   300
   127.59738     34.65617     0   301
   130.31639     34.65617   249   301
   127.59753     34.64719     0   302
   130.31624     34.64719   249   302
   127.59769     34.63820     0   303
   130.31609     34.63820   249   303
   127.59784     34.62922     0   304
   130.31593     34.62922   249   304
   127.59799     34.62024     0   305
   130.31578     34.62024   249   305
   127.59814     34.61126     0   306
   130.31563     34.61126   249   306
   127.59830     34.60228     0   307
   130.31549     34.60228   249   307
   127.59845     34.59330     0   308
   130.31534     34.59330   249   308
   127.59860     34.58432     0   309
   130.31519     34.58432   249   309
   127.59875     34.57534     0   310
   130.31503     34.57534   249   310
   127.59889     34.56636     0   311
   130.31488     34.56636   249   311
   127.59904     34.55738     0   312
   130.31473     34.55738   249   312
   127.59920     34.54840     0   313
   130.31458     34.54840   249   313
   127.59935     34.53942     0   314
   130.31442     34.53942   249   314
   127.59950     34.53044     0   315
   130.31427     34.53044   249   315
   127.59964     34.52146     0   316
   130.31413     34.52146   249   316
   127.59979     34.51247     0   317
   130.31398     34.51247   249   317
   127.59995     34.50349     0   318
   130.31383     34.50349   249   318
   127.60010     34.49451     0   319
   130.31367     34.49451   249   319
   127.60025     34.48553     0   320
   130.31354     34.48553   249   320
   127.60040     34.47655     0   321
   130.31339     34.47655   249   321
   127.60056     34.46757     0   322
   130.31323     34.46757   249   322
   127.60071     34.45859     0   323
   130.31308     34.45859   249   323
   127.60085     34.44961     0   324
   130.31293     34.44961   249   324
   127.60100     34.44063     0   325
   130.31277     34.44063   249   325
   127.60115     34.43165     0   326
   130.31262     34.43165   249   326
   127.60130     34.42267     0   327
   130.31247     34.42267   249   327
   127.60144     34.41369     0   328
   130.31233     34.41369   249   328
   127.60159     34.40471     0   329
   130.31218     34.40471   249   329
   127.60175     34.39573     0   330
   130.31203     34.39573   249   330
   127.60190     34.38675     0   331
   130.31187     34.38675   249   331
   127.60205     34.37777     0   332
   130.31174     34.37777   249   332
   127.60220     34.36879     0   333
   130.31158     34.36879   249   333
   127.60236     34.35981     0   334
   130.31143     34.35981   249   334
   127.60249     34.35083     0   335
   130.31128     34.35083   249   335
   127.60265     34.34185     0   336
   130.31113     34.34185   249   336
   127.60280     34.33286     0   337
   130.31097     34.33286   249   337
   127.60295     34.32388     0   338
   130.31084     34.32388   249   338
   127.60309     34.31490     0   339
   130.31068     34.31490   249   339
   127.60324     34.30592     0   340
   130.31053     34.30592   249   340
   127.60339     34.29694     0   341
   130.31038     34.29694   249   341
   127.60355     34.28796     0   342
   130.31024     34.28796   249   342
   127.60370     34.27898     0   343
   130.31009     34.27898   249   343
   127.60385     34.27000     0   344
   130.30994     34.27000   249   344
   127.60399     34.26102     0   345
   130.30978     34.26102   249   345
   127.60414     34.25204     0   346
   130.30963     34.25204   249   346
   127.60429     34.24306     0   347
   130.30948     34.24306   249   347
   127.60443     34.23408     0   348
   130.30934     34.23408   249   348
   127.60458     34.22510     0   349
   130.30919     34.22510   249   349
   127.60474     34.21612     0   350
   130.30904     34.21612   249   350
   127.60489     34.20713     0   351
   130.30890     34.20713   249   351
   127.60504     34.19815     0   352
   130.30875     34.19815   249   352
   127.60519     34.18917     0   353
   130.30859     34.18917   249   353
   127.60533     34.18019     0   354
   130.30844     34.18019   249   354
   127.60548     34.17122     0   355
   130.30829     34.17122   249   355
   127.60564     34.16223     0   356
   130.30814     34.16223   249   356
   127.60577     34.15325     0   357
   130.30800     34.15325   249   357
   127.60593     34.14427     0   358
   130.30785     34.14427   249   358
   127.60608     34.13529     0   359
   130.30769     34.13529   249   359
   127.60623     34.12631     0   360
   130.30756     34.12631   249   360
   127.60638     34.11733     0   361
   130.30740     34.11733   249   361
   127.60652     34.10835     0   362
   130.30725     34.10835   249   362
   127.60667     34.09937     0   363
   130.30710     34.09937   249   363
   127.60683     34.09039     0   364
   130.30695     34.09039   249   364
   127.60696     34.08141     0   365
   130.30681     34.08141   249   365
   127.60712     34.07243     0   366
   130.30666     34.07243   249   366
   127.60727     34.06345     0   367
   130.30650     34.06345   249   367
   127.60742     34.05447     0   368
   130.30637     34.05447   249   368
   127.60757     34.04549     0   369
   130.30621     34.04549   249   369
   127.60771     34.03650     0   370
   130.30606     34.03650   249   370
   127.60786     34.02752     0   371
   130.30591     34.02752   249   371
   127.60802     34.01854     0   372
   130.30577     34.01854   249   372
   127.60815     34.00956     0   373
   130.30562     34.00956   249   373
   127.60831     34.00058     0   374
   130.30547     34.00058   249   374
   127.60846     33.99160     0   375
   130.30533     33.99160   249   375
   127.60861     33.98262     0   376
   130.30518     33.98262   249   376
   127.60875     33.97364     0   377
   130.30502     33.97364   249   377
   127.60890     33.96466     0   378
   130.30487     33.96466   249   378
   127.60905     33.95568     0   379
   130.30472     33.95568   249   379
   127.60919     33.94670     0   380
   130.30458     33.94670   249   380
   127.60934     33.93772     0   381
   130.30443     33.93772   249   381
   127.60950     33.92874     0   382
   130.30429     33.92874   249   382
   127.60965     33.91976     0   383
   130.30414     33.91976   249   383
   127.60979     33.91077     0   384
   130.30399     33.91077   249   384
   127.60994     33.90179     0   385
   130.30383     33.90179   249   385
   127.61009     33.89281     0   386
   130.30370     33.89281   249   386
   127.61023     33.88383     0   387
   130.30354     33.88383   249   387
   127.61038     33.87486     0   388
   130.30339     33.87486   249   388
   127.61053     33.86587     0   389
   130.30325     33.86587   249   389
   127.61069     33.85689     0   390
   130.30310     33.85689   249   390
   127.61082     33.84791     0   391
   130.30295     33.84791   249   391
   127.61098     33.83893     0   392
   130.30280     33.83893   249   392
   127.61111     33.82995     0   393
   130.30266     33.82995   249   393
   127.61127     33.82097     0   394
   130.30251     33.82097   249   394
   127.61142     33.81199     0   395
   130.30237     33.81199   249   395
   127.61157     33.80301     0   396
   130.30222     33.80301   249   396
   127.61171     33.79403     0   397
   130.30206     33.79403   249   397
   127.61186     33.78505     0   398
   130.30191     33.78505   249   398
   127.61200     33.77607     0   399
   127.62280     33.77618     1   399
   127.63361     33.77630     2   399
   127.64441     33.77641     3   399
   127.65521     33.77653     4   399
   127.66602     33.77664     5   399
   127.67682     33.77675     6   399
   127.68762     33.77686     7   399
   127.69843     33.77697     8   399
   127.70921     33.77708     9   399
   127.72002     33.77719    10   399
   127.73082     33.77730    11   399
   127.74162     33.77740    12   399
   127.75243     33.77751    13   399
   127.76323     33.77761    14   399
   127.77403     33.77772    15   399
   127.78482     33.77782    16   399
   127.79562     33.77792    17   399
   127.80643     33.77802    18   399
   127.81723     33.77812    19   399
   127.82803     33.77822    20   399
   127.83884     33.77832    21   399
   127.84964     33.77842    22   399
   127.86044     33.77851    23   399
   127.87125     33.77861    24   399
   127.88205     33.77870    25   399
   127.89285     33.77880    26   399
   127.90364     33.77889    27   399
   127.91444     33.77898    28   399
   127.92525     33.77907    29   399
   127.93605     33.77916    30   399
   127.94685     33.77925    31   399
   127.95766     33.77934    32   399
   127.96846     33.77942    33   399
   127.97926     33.77951    34   399
   127.99005     33.77959    35   399
   128.00085     33.77967    36   399
   128.01166     33.77976    37   399
   128.02246     33.77984    38   399
   128.03326     33.77992    39   399
   128.04407     33.78000    40   399
   128.05487     33.78008    41   399
   128.06567     33.78016    42   399
   128.07648     33.78024    43   399
   128.08728     33.78031    44   399
   128.09808     33.78039    45   399
   128.10889     33.78046    46   399
   128.11969     33.78054    47   399
   128.13049     33.78061    48   399
   128.14130     33.78068    49   399
   128.15210     33.78075    50   399
   128.16290     33.78082    51   399
   128.17369     33.78089    52   399
   128.18449     33.78096    53   399
   128.19530     33.78102    54   399
   128.20610     33.78109    55   399
   128.21690     33.78115    56   399
   128.22771     33.78122    57   399
   128.23851     33.78128    58   399
   128.24931     33.78134    59   399
   128.26012     33.78140    60   399
   128.27092     33.78146    61   399
   128.28172     33.78152    62   399
   128.29253     33.78158    63   399
   128.30333     33.78164    64   399
   128.31412     33.78170    65   399
   128.32492     33.78175    66   399
   128.33572     33.78181    67   399
   128.34653     33.78186    68   399
   128.35733     33.78191    69   399
   128.36813     33.78196    70   399
   128.37894     33.78202    71   399
   128.38974     33.78207    72   399
   128.40054     33.78211    73   399
   128.41135     33.78216    74   399
   128.42215     33.78221    75   399
   128.43295     33.78225    76   399
   128.44376     33.78230    77   399
   128.45456     33.78234    78   399
   128.46536     33.78239    79   399
   128.47617     33.78243    80   399
   128.48697     33.78247    81   399
   128.49777     33.78251    82   399
   128.50858     33.78255    83   399
   128.51938     33.78259    84   399
   128.53018     33.78263    85   399
   128.54099     33.78267    86   399
   128.55179     33.78270    87   399
   128.56259     33.78273    88   399
   128.57339     33.78277    89   399
   128.58420     33.78280    90   399
   128.59500     33.78283    91   399
   128.60580     33.78286    92   399
   128.61661     33.78289    93   399
   128.62741     33.78292    94   399
   128.63821     33.78295    95   399
   128.64902     33.78298    96   399
   128.65981     33.78300    97   399
   128.67061     33.78303    98   399
   128.68141     33.78305    99   399
   128.69221     33.78308   100   399
   128.70302     33.78310   101   399
   128.71382     33.78312   102   399
   128.72462     33.78315   103   399
   128.73543     33.78316   104   399
   128.74623     33.78318   105   399
   128.75703     33.78320   106   399
   128.76784     33.78322   107   399
   128.77864     33.78323   108   399
   128.78944     33.78325   109   399
   128.80025     33.78326   110   399
   128.81105     33.78328   111   399
   128.82185     33.78329   112   399
   128.83266     33.78330   113   399
   128.84346     33.78331   114   399
   128.85426     33.78332   115   399
   128.86507     33.78333   116   399
   128.87587     33.78334   117   399
   128.88667     33.78334   118   399
   128.89748     33.78335   119   399
   128.90828     33.78335   120   399
   128.91908     33.78336   121   399
   128.92989     33.78336   122   399
   128.94069     33.78336   123   399
   128.95149     33.78336   124   399
   128.96230     33.78336   125   399
   128.97308     33.78336   126   399
   128.98389     33.78336   127   399
   128.99469     33.78336   128   399
   129.00549     33.78335   129   399
   129.01630     33.78335   130   399
   129.02710     33.78334   131   399
   129.03790     33.78334   132   399
   129.04871     33.78333   133   399
   129.05951     33.78332   134   399
   129.07031     33.78331   135   399
   129.08112     33.78330   136   399
   129.09192     33.78329   137   399
   129.10272     33.78328   138   399
   129.11353     33.78326   139   399
   129.12433     33.78325   140   399
   129.13513     33.78323   141   399
   129.14594     33.78322   142   399
   129.15674     33.78320   143   399
   129.16754     33.78318   144   399
   129.17834     33.78316   145   399
   129.18915     33.78315   146   399
   129.19995     33.78312   147   399
   129.21075     33.78310   148   399
   129.22156     33.78308   149   399
   129.23236     33.78305   150   399
   129.24316     33.78303   151   399
   129.25397     33.78300   152   399
   129.26477     33.78298   153   399
   129.27557     33.78295   154   399
   129.28638     33.78292   155   399
   129.29718     33.78289   156   399
   129.30798     33.78286   157   399
   129.31879     33.78283   158   399
   129.32959     33.78280   159   399
   129.34039     33.78277   160   399
   129.35120     33.78273   161   399
   129.36200     33.78270   162   399
   129.37280     33.78267   163   399
   129.38361     33.78263   164   399
   129.39441     33.78259   165   399
   129.40521     33.78255   166   399
   129.41602     33.78251   167   399
   129.42682     33.78247   168   399
   129.43761     33.78243   169   399
   129.44841     33.78239   170   399
   129.45921     33.78234   171   399
   129.47002     33.78230   172   399
   129.48082     33.78225   173   399
   129.49162     33.78221   174   399
   129.50243     33.78216   175   399
   129.51323     33.78211   176   399
   129.52403     33.78207   177   399
   129.53484     33.78202   178   399
   129.54564     33.78196   179   399
   129.55644     33.78191   180   399
   129.56725     33.78186   181   399
   129.57805     33.78181   182   399
   129.58885     33.78175   183   399
   129.59966     33.78170   184   399
   129.61046     33.78164   185   399
   129.62125     33.78158   186   399
   129.63205     33.78152   187   399
   129.64285     33.78146   188   399
   129.65366     33.78140   189   399
   129.66446     33.78134   190   399
   129.67526     33.78128   191   399
   129.68607     33.78122   192   399
   129.69687     33.78115   193   399
   129.70767     33.78109   194   399
   129.71848     33.78102   195   399
   129.72928     33.78096   196   399
   129.74008     33.78089   197   399
   129.75089     33.78082   198   399
   129.76169     33.78075   199   399
   129.77249     33.78068   200   399
   129.78329     33.78061   201   399
   129.79410     33.78054   202   399
   129.80490     33.78046   203   399
   129.81570     33.78039   204   399
   129.82651     33.78031   205   399
   129.83730     33.78024   206   399
   129.84810     33.78016   207   399
   129.85890     33.78008   208   399
   129.86971     33.78000   209   399
   129.88051     33.77992   210   399
   129.89131     33.77984   211   399
   129.90211     33.77976   212   399
   129.91292     33.77967   213   399
   129.92372     33.77959   214   399
   129.93451     33.77951   215   399
   129.94531     33.77942   216   399
   129.95612     33.77934   217   399
   129.96692     33.77925   218   399
   129.97772     33.77916   219   399
   129.98853     33.77907   220   399
   129.99933     33.77898   221   399
   130.01013     33.77889   222   399
   130.02094     33.77880   223   399
   130.03174     33.77870   224   399
   130.04254     33.77861   225   399
   130.05334     33.77851   226   399
   130.06415     33.77842   227   399
   130.07494     33.77832   228   399
   130.08574     33.77822   229   399
   130.09654     33.77812   230   399
   130.10735     33.77802   231   399
   130.11815     33.77792   232   399
   130.12895     33.77782   233   399
   130.13976     33.77772   234   399
   130.15054     33.77761   235   399
   130.16135     33.77751   236   399
   130.17215     33.77740   237   399
   130.18295     33.77730   238   399
   130.19376     33.77719   239   399
   130.20456     33.77708   240   399
   130.21536     33.77697   241   399
   130.22617     33.77686   242   399
   130.23697     33.77675   243   399
   130.24777     33.77664   244   399
   130.25856     33.77653   245   399
   130.26936     33.77641   246   399
   130.28017     33.77630   247   399
   130.29097     33.77618   248   399
   130.30177     33.77607   249   399
